800
780
790
765
711
810
700
780
760
755
712
609
500
512
480
450
440
439
438
430
429
422
410
401
399
406
401
410
422
429
430
438
439
440
450
480
500
512
510
511
512
513
514
515
516
517
518
519
520
521
522
523
524
525
526
527
528
529
530
531
532
533
534
535
536
537
538
539
540
541
542
543
544
545
546
547
548
549
550
551
552
553
554
555
556
557
558
559
560
561
562
563
564
565
566
567
568
569
570
571
572
573
574
575
576
577
578
579
580
581
582
583
584
585
586
587
588
589
590
591
592
593
594
630
640
642
644
646
648
650
652
654
656
658
660
662
664
666
668
670
672
674
676
678
680
682
684
686
688
690
692
694
696
698
700
702
704
706
708
710
712
714
716
718
720
722
724
726
728
730
732
734
736
738
740
742
744
746
748
750
752
754
756
758
760
762
764
766
768
770
772
774
776
778
780
782
784
786
788
790
750
747
744
741
738
735
732
729
726
723
720
717
714
711
708
705
702
699
696
693
690
687
684
681
678
675
672
669
666
663
660
657
654
651
648
645
642
639
636
633
630
627
624
621
618
615
590
540
510
500
498
497
480
450
430
410
405
400
402
395
394
391.5
389
386.5
384
381.5
379
376.5
374
371.5
369
366.5
364
361.5
401
402
403
402
401
401
402
403
402
401
401
402
403
402
401
401
402
403
402
401
401
402
403
402
401
401
402
403
402
401
401
402
403
402
401
401
402
403
402
401
401
402
403
402
401
401
402
403
402
401
401
402
403
402
401
401
402
403
402
401
401
402
403
402
401
401
402
403
402
401
401
402
403
402
401
401
402
403
402
401
401
402
403
402
401
401
402
403
402
401
401
402
403
402
401
401
402
403
402
401
401
402
403
402
401
401
402
403
402
401
403
405
407
409
411
413
415
417
419
421
423
425
427
429
431
433
435
437
439
441
443
445
447
449
451
453
455
457
459
461
463
465
467
469
471
473
475
477
479
481
483
485
487
489
491
493
495
497
499
501
503
505
507
509
511
513
515
517
519
521
523
525
527
529
531
533
535
537
539
541
543
545
547
549
551
553
555
557
559
561
563
565
567
569
571
573
575
577
579
581
390
394
398
402
406
410
414
418
422
426
430
434
438
442
446
450
454
458
462
466
470
474
478
482
486
430
427
424
421
418
415
412
409
406
403
401
402
403
404
405
406
407
408
409
410
411
412
413
414
415
416
417
418
419
420
421
422
423
424
425
426
428
430
432
434
436
438
440
442
444
446
448
450
452
454
456
458
460
462
467
472
477
482
487
492
497
502
507
512
517
522
527
532
537
542
547
552
557
562
567
566
565
564
563
562
561
560
559
558
557
556
555
554
553
552
551
550
549
548
547
546
545
544
543
542
541
540
539
538
537
536
535
534
533
532
531
530
529
528
527
526
525
524
523
522
521
520
519
518
517
516
515
514
513
512
511
510
509
508
507
506
505
504
503
502
501
500
499
498
497
496
495
494
493
492
491
490
489
488
487
486
485
484
483
482
481
480
479
478
477
476
475
474
473
472
471
470
469
468
467
475
480
485
490
495
500
505
510
515
520
525
530
535
540
545
550
555
560
565
570
575
580
585
590
595
600
605
610
615
620
625
630
635
640
645
650
655
660
665
670
675
680
685
690
695
700
705
710
715
720
705
700
695
690
685
680
675
670
665
660
655
650
645
640
635
630
625
620
615
610
605
600
595
590
585
580
575
570
565
560
555
550
545
540
535
530
525
520
515
510
505
500
495
490
485
480
475
470
465
460
459
458
457
456
455
454
453
452
451
450
449
448
447
446
445
444
443
442
441
440
439
438
437
436
435
434
433
432
431
430
429
428
427
426
425
424
423
422
421
420
419
418
417
416
415
414
413
412
411
410
409
408
407
406
405
404
403
402
401
400
399
398
397
396
395
396
397
398
399
400
401
402
403
404
405
406
407
408
409
410
409
408
407
406
405
404
403
402
401
400
399
398
397
396
395
394
393
392
391
580
581
582
583
584
585
586
587
588
589
590
591
592
593
594
595
596
597
598
599
600
601
602
603
604
606
608
610
612
614
616
618
620
622
624
626
628
630
632
634
636
638
640
642
644
646
648
650
652
654
656
658
660
662
664
666
668
670
672
674
676
678
680
682
684
686
688
690
692
694
696
698
700
701
702
703
704
705
706
707
708
709
710
711
712
713
714
715
716
717
718
719
720
721
722
723
724
725
726
727
728
729
730
731
732
735
738
741
744
747
750
753
756
759
762
765
768
771
774
777
780
783
786
789
792
400
403
406
409
412
415
418
421
424
427
430
433
436
439
442
445
448
451
454
457
460
463
466
469
472
475
478
481
484
487
490
493
496
499
502
505
508
511
514
517
520
523
526
529
532
535
538
542
546
550
554
558
562
566
570
574
578
582
586
590
594
598
602
606
610
614
618
622
627
632
637
642
647
652
657
662
667
672
677
682
687
700
710
720
730
740
750
760
770
780
790
800
810
820
830
840
850
860
870
880
890
